data1.txt 75 1 exhaustive 0.00177193 75 75 1.00000 2 2
data1.txt 75 2 exhaustive 0.00172496 75 75 1.00000 2 2
data1.txt 75 3 exhaustive 0.00297594 75 75 1.00000 2 2
data1.txt 75 4 exhaustive 0.00221205 75 75 1.00000 2 2
data1.txt 75 5 exhaustive 0.00435185 73 75 0.97333 4 4
data1.txt 75 1 greedy 0.00906491 75 75 1.00000 2 2
data1.txt 75 2 greedy 0.013576 75 75 1.00000 2 2
data1.txt 75 3 greedy 0.0113132 75 75 1.00000 2 2
data1.txt 75 4 greedy 0.0152299 75 75 1.00000 2 2
data1.txt 75 5 greedy 0.019249 73 75 0.97333 4 4
data1.txt 75 6 greedy 0.0245581 73 75 0.97333 5 5
data1.txt 75 7 greedy 0.0426528 73 75 0.97333 6 6
data1.txt 75 8 greedy 0.074435 73 75 0.97333 9 8
data1.txt 75 9 greedy 0.175162 66 75 0.88000 14 11
data1.txt 75 10 greedy 0.326966 64 75 0.85333 16 12
data1.txt 75 11 greedy 0.634391 64 75 0.85333 16 12
data1.txt 75 12 greedy 1.38679 64 75 0.85333 16 12
data1.txt 75 13 greedy 2.50965 64 75 0.85333 16 12
data1.txt 75 14 greedy 5.79782 62 75 0.82667 23 18
data1.txt 75 15 greedy 11.439 61 75 0.81333 29 22
data1.txt 75 1 hash 3.34937 75 75 1.00000 2 2
data1.txt 75 3 hash 2.57358 75 75 1.00000 2 2
data1.txt 75 5 hash 2.69025 74 75 0.98667 4 4
data1.txt 75 7 hash 2.57555 74 75 0.98667 6 6
data1.txt 75 9 hash 2.49791 75 75 1.00000 11 11
data1.txt 75 11 hash 2.89719 75 75 1.00000 12 12
data1.txt 75 13 hash 2.65189 75 75 1.00000 12 12
data1.txt 75 15 hash 2.57482 75 75 1.00000 22 22
data1.txt 75 17 hash 3.11651 73 75 0.97333 34 34
data1.txt 75 19 hash 3.08122 74 75 0.98667 47 47
data1.txt 75 21 hash 3.42759 75 75 1.00000 52 52
data1.txt 75 23 hash 4.04928 75 75 1.00000 60 60
data1.txt 75 25 hash 4.91061 75 75 1.00000 69 69
data1.txt 75 27 hash 6.45552 75 75 1.00000 70 70
data1.txt 75 29 hash 7.86101 75 75 1.00000 70 70
data1.txt 1 10 exhaustive 7.58171e-05 1 1 1.00000 2 2
data1.txt 2 10 exhaustive 0.000545979 1 2 0.50000 3 3
data1.txt 3 10 exhaustive 0.00171709 2 3 0.66667 4 4
data1.txt 4 10 exhaustive 0.00235105 3 4 0.75000 4 4
data1.txt 5 10 exhaustive 0.00483298 4 5 0.80000 5 5
data1.txt 6 10 exhaustive 0.042058 6 6 1.00000 5 5
data1.txt 7 10 exhaustive 0.04865 7 7 1.00000 5 5
data1.txt 8 10 exhaustive 0.0664432 8 8 1.00000 5 5
data1.txt 9 10 exhaustive 0.494249 9 9 1.00000 5 5
data1.txt 10 10 exhaustive 0.582675 10 10 1.00000 5 5
data1.txt 11 10 exhaustive 0.610455 11 11 1.00000 5 5
data1.txt 12 10 exhaustive 0.69501 12 12 1.00000 5 5
data1.txt 13 10 exhaustive 0.764455 13 13 1.00000 5 5
data1.txt 14 10 exhaustive 0.823349 14 14 1.00000 5 5
data1.txt 15 10 exhaustive 0.888748 15 15 1.00000 5 5
data1.txt 16 10 exhaustive 0.936399 16 16 1.00000 5 5
data1.txt 17 10 exhaustive 1.02331 17 17 1.00000 5 5
data1.txt 18 10 exhaustive 34.2729 17 18 0.94444 6 6
data1.txt 1 10 greedy 0.00995183 1 1 1.00000 2 2
data1.txt 4 10 greedy 0.0162692 3 4 0.75000 4 4
data1.txt 7 10 greedy 0.0283799 6 7 0.85714 6 5
data1.txt 10 10 greedy 0.037369 9 10 0.90000 6 5
data1.txt 13 10 greedy 0.0535619 12 13 0.92308 6 5
data1.txt 16 10 greedy 0.06264 14 16 0.87500 6 5
data1.txt 19 10 greedy 0.0718632 15 19 0.78947 8 6
data1.txt 22 10 greedy 0.089489 19 22 0.86364 8 6
data1.txt 25 10 greedy 0.103643 22 25 0.88000 9 7
data1.txt 28 10 greedy 0.118124 25 28 0.89286 9 7
data1.txt 31 10 greedy 0.129259 28 31 0.90323 9 7
data1.txt 34 10 greedy 0.142383 31 34 0.91176 11 9
data1.txt 37 10 greedy 0.142947 33 37 0.89189 11 9
data1.txt 40 10 greedy 0.17696 35 40 0.87500 12 9
data1.txt 43 10 greedy 0.188248 38 43 0.88372 13 10
data1.txt 46 10 greedy 0.208914 40 46 0.86957 13 10
data1.txt 49 10 greedy 0.221046 42 49 0.85714 13 10
data1.txt 52 10 greedy 0.226484 44 52 0.84615 13 10
data1.txt 55 10 greedy 0.248226 46 55 0.83636 14 11
data1.txt 58 10 greedy 0.265599 48 58 0.82759 15 11
data1.txt 61 10 greedy 0.290318 51 61 0.83607 15 11
data1.txt 64 10 greedy 0.292319 54 64 0.84375 15 11
data1.txt 67 10 greedy 0.319214 57 67 0.85075 15 11
data1.txt 70 10 greedy 0.338284 60 70 0.85714 16 12
data1.txt 73 10 greedy 0.344413 62 73 0.84932 16 12
data1.txt 1 10 hash 2.93602 1 1 1.00000 2 2
data1.txt 4 10 hash 2.71717 4 4 1.00000 4 4
data1.txt 7 10 hash 2.69741 7 7 1.00000 5 5
data1.txt 10 10 hash 3.03299 10 10 1.00000 5 5
data1.txt 13 10 hash 2.71249 13 13 1.00000 5 5
data1.txt 16 10 hash 2.56138 16 16 1.00000 5 5
data1.txt 19 10 hash 2.60165 19 19 1.00000 6 6
data1.txt 22 10 hash 2.76392 22 22 1.00000 6 6
data1.txt 25 10 hash 2.61457 25 25 1.00000 7 7
data1.txt 28 10 hash 2.54259 28 28 1.00000 7 7
data1.txt 31 10 hash 2.44076 31 31 1.00000 7 7
data1.txt 34 10 hash 2.78231 34 34 1.00000 9 9
data1.txt 37 10 hash 2.61436 37 37 1.00000 9 9
data1.txt 40 10 hash 2.5122 40 40 1.00000 9 9
data1.txt 43 10 hash 2.84555 43 43 1.00000 10 10
data1.txt 46 10 hash 2.65427 46 46 1.00000 10 10
data1.txt 49 10 hash 2.61038 49 49 1.00000 10 10
data1.txt 52 10 hash 2.52324 52 52 1.00000 10 10
data1.txt 55 10 hash 2.82381 55 55 1.00000 11 11
data1.txt 58 10 hash 2.69915 58 58 1.00000 11 11
data1.txt 61 10 hash 2.57444 61 61 1.00000 11 11
data1.txt 64 10 hash 2.44313 64 64 1.00000 11 11
data1.txt 67 10 hash 2.75387 67 67 1.00000 11 11
data1.txt 70 10 hash 2.64345 70 70 1.00000 12 12
data1.txt 73 10 hash 2.52373 73 73 1.00000 12 12
data2.txt 30 1 exhaustive 0.000892162 30 30 1.00000 2 2
data2.txt 30 2 exhaustive 0.00782704 30 30 1.00000 3 3
data2.txt 30 3 exhaustive 0.933007 29 30 0.96667 6 6
data2.txt 30 4 exhaustive 1.89498 28 30 0.93333 7 7
data2.txt 30 5 exhaustive 1.87598 28 30 0.93333 7 7
data2.txt 30 6 exhaustive 14.6107 28 30 0.93333 8 9
data2.txt 30 1 greedy 0.00392008 30 30 1.00000 2 2
data2.txt 30 2 greedy 0.00399709 30 30 1.00000 3 3
data2.txt 30 3 greedy 0.00413394 29 30 0.96667 6 6
data2.txt 30 4 greedy 0.004457 29 30 0.96667 7 7
data2.txt 30 5 greedy 0.00637889 29 30 0.96667 7 7
data2.txt 30 6 greedy 0.013747 27 30 0.90000 9 9
data2.txt 30 7 greedy 0.0216119 24 30 0.80000 12 12
data2.txt 30 8 greedy 0.041436 24 30 0.80000 12 12
data2.txt 30 9 greedy 0.0781329 24 30 0.80000 12 12
data2.txt 30 10 greedy 0.171607 20 30 0.66667 18 15
data2.txt 30 11 greedy 0.34024 20 30 0.66667 18 15
data2.txt 30 12 greedy 0.914523 13 30 0.43333 25 19
data2.txt 30 13 greedy 1.80275 13 30 0.43333 25 19
data2.txt 30 14 greedy 3.62384 13 30 0.43333 25 19
data2.txt 30 15 greedy 7.43638 13 30 0.43333 25 19
data2.txt 30 1 hash 0.677051 30 30 1.00000 2 2
data2.txt 30 3 hash 0.730561 29 30 0.96667 6 6
data2.txt 30 5 hash 0.777447 29 30 0.96667 7 7
data2.txt 30 7 hash 0.643746 30 30 1.00000 12 12
data2.txt 30 9 hash 0.682239 30 30 1.00000 12 12
data2.txt 30 11 hash 0.759971 29 30 0.96667 15 15
data2.txt 30 13 hash 0.676039 30 30 1.00000 19 19
data2.txt 30 15 hash 0.766165 29 30 0.96667 19 19
data2.txt 30 17 hash 0.921712 29 30 0.96667 19 19
data2.txt 30 19 hash 1.6653 30 30 1.00000 22 22
data2.txt 30 21 hash 4.85436 30 30 1.00000 22 22
data2.txt 30 23 hash 10.1601 30 30 1.00000 26 26
data2.txt 1 10 exhaustive 7.39098e-05 1 1 1.00000 1 1
data2.txt 2 10 exhaustive 0.000307083 2 2 1.00000 3 3
data2.txt 3 10 exhaustive 0.000478029 2 3 0.66667 4 5
data2.txt 4 10 exhaustive 0.00214005 3 4 0.75000 5 5
data2.txt 5 10 exhaustive 0.00145698 4 5 0.80000 6 6
data2.txt 6 10 exhaustive 0.00254703 5 6 0.83333 8 8
data2.txt 7 10 exhaustive 0.010715 6 7 0.85714 8 8
data2.txt 8 10 exhaustive 0.0181 7 8 0.87500 8 8
data2.txt 9 10 exhaustive 0.057405 8 9 0.88889 8 8
data2.txt 10 10 exhaustive 0.257805 8 10 0.80000 9 9
data2.txt 11 10 exhaustive 4.30345 9 11 0.81818 9 11
data2.txt 12 10 exhaustive 4.7536 10 12 0.83333 10 12
data2.txt 1 10 greedy 0.011246 1 1 1.00000 1 1
data2.txt 4 10 greedy 0.019453 3 4 0.75000 5 5
data2.txt 7 10 greedy 0.0421829 6 7 0.85714 8 8
data2.txt 10 10 greedy 0.0609028 9 10 0.90000 9 9
data2.txt 13 10 greedy 0.0723631 10 13 0.76923 12 12
data2.txt 16 10 greedy 0.0882831 11 16 0.68750 15 14
data2.txt 19 10 greedy 0.110228 12 19 0.63158 16 14
data2.txt 22 10 greedy 0.123308 14 22 0.63636 16 15
data2.txt 25 10 greedy 0.154549 16 25 0.64000 17 15
data2.txt 28 10 greedy 0.162045 18 28 0.64286 17 15
data2.txt 31 10 greedy 0.176087 20 31 0.64516 19 15
data2.txt 34 10 greedy 0.194289 23 34 0.67647 19 15
data2.txt 37 10 greedy 0.221959 26 37 0.70270 19 15
data2.txt 40 10 greedy 0.228517 27 40 0.67500 20 15
data2.txt 43 10 greedy 0.250388 29 43 0.67442 21 15
data2.txt 46 10 greedy 0.26239 31 46 0.67391 21 15
data2.txt 49 10 greedy 0.300991 34 49 0.69388 22 16
data2.txt 52 10 greedy 0.321747 35 52 0.67308 22 16
data2.txt 55 10 greedy 0.319039 36 55 0.65455 22 16
data2.txt 58 10 greedy 0.339344 37 58 0.63793 24 16
data2.txt 61 10 greedy 0.348513 40 61 0.65574 25 17
data2.txt 64 10 greedy 0.368958 43 64 0.67188 25 17
data2.txt 67 10 greedy 0.390744 46 67 0.68657 25 17
data2.txt 70 10 greedy 0.412836 48 70 0.68571 25 17
data2.txt 73 10 greedy 0.424437 50 73 0.68493 25 17
data2.txt 1 10 hash 0.75289 1 1 1.00000 1 1
data2.txt 4 10 hash 0.64088 4 4 1.00000 5 5
data2.txt 7 10 hash 0.639228 7 7 1.00000 8 8
data2.txt 10 10 hash 0.697039 10 10 1.00000 9 9
data2.txt 13 10 hash 0.769486 13 13 1.00000 12 12
data2.txt 16 10 hash 0.679916 16 16 1.00000 14 14
data2.txt 19 10 hash 0.689321 18 19 0.94737 14 14
data2.txt 22 10 hash 0.750878 21 22 0.95455 15 15
data2.txt 25 10 hash 0.650441 24 25 0.96000 15 15
data2.txt 28 10 hash 0.681608 27 28 0.96429 15 15
data2.txt 31 10 hash 0.746837 30 31 0.96774 15 15
data2.txt 34 10 hash 0.633111 33 34 0.97059 15 15
data2.txt 37 10 hash 0.657541 36 37 0.97297 15 15
data2.txt 40 10 hash 0.797351 39 40 0.97500 15 15
data2.txt 43 10 hash 0.637556 41 43 0.95349 15 15
data2.txt 46 10 hash 0.688387 44 46 0.95652 15 15
data2.txt 49 10 hash 0.712949 47 49 0.95918 16 16
data2.txt 52 10 hash 0.791179 50 52 0.96154 16 16
data2.txt 55 10 hash 0.630272 53 55 0.96364 16 16
data2.txt 58 10 hash 0.694429 56 58 0.96552 16 16
data2.txt 61 10 hash 0.764368 59 61 0.96721 17 17
data2.txt 64 10 hash 0.635006 61 64 0.95312 17 17
data2.txt 67 10 hash 0.663187 64 67 0.95522 17 17
data2.txt 70 10 hash 0.750095 67 70 0.95714 17 17
data2.txt 73 10 hash 0.646756 70 73 0.95890 17 17
random 25 2 exhaustive 0.0682719 22 25 0.88000 4 4
random 25 3 exhaustive 3.32836 25 25 1.00000 4 4
random 25 2 greedy 0.00391078 25 25 1.00000 4 4
random 25 4 greedy 0.0057621 18 25 0.72000 5 4
random 25 6 greedy 0.011642 21 25 0.84000 5 4
random 25 8 greedy 0.03878 16 25 0.64000 8 4
random 25 10 greedy 0.156121 22 25 0.88000 5 4
random 25 12 greedy 0.678551 11 25 0.44000 9 4
random 25 14 greedy 2.6075 12 25 0.48000 9 4
random 25 2 hash 0.744144 24 25 0.96000 4 4
random 25 4 hash 0.759664 3 25 0.12000 9 4
random 25 6 hash 0.654821 8 25 0.32000 10 4
random 25 8 hash 0.696278 15 25 0.60000 10 4
random 25 10 hash 0.764169 6 25 0.24000 14 4
random 25 12 hash 0.788758 5 25 0.20000 13 4
random 25 14 hash 0.76449 6 25 0.24000 15 4